path1p	128	0	0.6
path2	255	64	2.3
path3	255	128	2.3
path3p	255	128	2.3
path4	128	0	0.6
path4p	128	0	0.6
path5	206	255	6.3
path5p	206	255	6.3
path6	128	0	0.6
path6p	128	0	0.6
path7p	128	0	0.6
path8	255	72	6.3
path9	128	0	0.6
path10	128	0	0.6
path11	128	0	0.6
path12	128	0	0.6
path12a	128	0	0.6
path13	128	0	0.6
path14	128	0	0.6
path15	128	0	0.6
path16	128	0	0.6
path17	255	179	4.0
path18	128	0	0.6
path19	255	128	2.3
path20p	128	0	0.6
path21	128	0	0.6
path22	128	0	0.6
path22p	128	0	0.6
path23	128	0	0.6
path23p	128	0	0.6
path24	128	0	0.6
path25	255	26	2.3
path25p	255	26	2.3
path26	128	255	4.0
path27p	128	0	0.6
path28	213	255	9.0
path28p	213	255	9.0
path29	0	128	4.0
path30	255	200	5.7
path31	255	26	2.3
path32	255	26	2.3
path33p	128	0	0.6
path34p	128	0	0.6
path35	255	26	2.3
path36	255	159	5.7
path37	220	255	10.7
path38	255	179	7.3
path39	128	0	0.6
path40	180	255	9.7
path41	78	255	8.0
path42	27	255	11.4
path43	123	255	9.7
path44	255	128	4.0
path45	255	179	4.0
path45p	255	179	4.0
path46	128	0	0.6
path47	179	255	5.7
path48	255	84	2.9
path49p	128	0	0.6
path50	64	255	5.7
path50p	64	255	5.7
path51	255	179	4.0
path52	255	255	2.3
path52p	255	255	2.3
path53	255	255	7.3
path54	255	255	5.7
path55	128	0	0.6
path56	255	128	2.3
path57	204	0	2.3
path58	206	255	6.3
path59	0	128	5.7
path59p	0	128	5.7
path60	255	26	4.0
path61	255	91	4.0
path62p	0	128	5.7
path63	255	49	2.9
path63p	255	49	2.9
path64	255	245	8.0
path65	0	128	4.0
path65p	0	128	4.0
path66	255	26	2.3
path66p	255	26	2.3
